0.3131555914878845
0.3797902464866638
0.06856891512870789
-0.04483979940414429
0.5265113711357117
0.4107118546962738
-0.02018219232559204
0.22680719196796417
-0.02086353302001953
0.35340192914009094
-0.26091769337654114
-0.7216973304748535
0.14667820930480957
0.4301965832710266
-0.05016019940376282
0.09701699018478394
0.4306924045085907
0.6039219498634338
0.43356963992118835
0.7673681974411011
0.8638646602630615
0.8052019476890564
0.9650055170059204
0.8977609872817993
0.8699921369552612
0.7641288042068481
0.6355111002922058
0.6753073334693909
0.46110326051712036
0.3416377007961273
0.17472413182258606
0.7117413282394409
0.5872751474380493
0.568759560585022
0.6523950099945068
0.34350231289863586
0.5948315858840942
0.6259632110595703
0.6578205823898315
0.5918986797332764
0.7082653641700745
1.0208704471588135
0.8588331341743469
0.14892858266830444
0.5000986456871033
0.20440255105495453
0.5924071669578552
0.6586303114891052
0.7610540390014648
0.6136190891265869
0.6689784526824951
0.4274446964263916
-0.031072348356246948
0.3525204062461853
0.08955946564674377
0.329843670129776
0.15123304724693298
0.0947730541229248
0.7849326133728027
0.6047648787498474
0.7699719667434692
0.1827400028705597
-0.22493049502372742
0.025172680616378784
0.1684400737285614
0.044537484645843506
0.09636861085891724
-0.03965839743614197
-0.9027835130691528
0.00459018349647522
0.04461979866027832
-0.22802266478538513
0.008511781692504883
0.027053087949752808
0.47336846590042114
-0.05818292498588562
0.17092135548591614
0.6645734906196594
1.0072355270385742
0.8836368322372437
0.6859110593795776
1.1953628063201904
1.0868910551071167
0.6125786304473877
0.8847026824951172
1.2389546632766724
1.326330304145813
1.1471384763717651
1.1410918235778809
1.2266098260879517
1.4654674530029297
1.2618693113327026
0.6842358112335205
1.0061529874801636
0.17714259028434753
0.44064807891845703
0.5866777896881104
0.6475969552993774
1.0028811693191528
0.7194254398345947
0.5795812606811523
0.5719699263572693
0.7743890285491943
0.553931713104248
0.8649861812591553
1.2332342863082886
1.181673526763916
1.3697597980499268
1.4095451831817627
0.8002426028251648
0.9390482902526855
0.8815697431564331
1.2791917324066162
-0.16156819462776184
-0.05246606469154358
-0.6799352169036865
-0.2663586437702179
-0.410188764333725
0.022601842880249023
0.19262933731079102
0.36371123790740967
0.18449509143829346
0.03667226433753967
0.33024874329566956
0.18592137098312378
0.3663872480392456
0.43471893668174744
0.7287460565567017
0.965831995010376
0.5871392488479614
1.0463836193084717
1.1997703313827515
1.1941133737564087
1.178809642791748
1.5757848024368286
1.338590145111084
0.8566620349884033
1.1266714334487915
1.2252542972564697
0.8493719696998596
1.0359071493148804
-1.2102653980255127
-1.3057208061218262
0.3621087670326233
0.93378746509552
-1.178084373474121
0.6575811505317688
0.3675825595855713
1.0314518213272095
-2.657412052154541
-2.7359747886657715
-1.833348035812378
-1.436622142791748
-2.4195358753204346
-1.7466518878936768
-2.590059995651245
-2.33343768119812
-2.178072690963745
-1.722294807434082
-2.740814447402954
-3.0654618740081787
-2.06939697265625
-0.5753567218780518
0.008667916059494019
0.3597069978713989
0.2694297134876251
0.621324896812439
0.4523901641368866
0.7550116181373596
0.8869192004203796
1.1963043212890625
0.883942723274231
0.43920662999153137
1.1847963333129883
0.9088774919509888
1.3338353633880615
1.1515841484069824
1.4713953733444214
0.41494372487068176
1.2371271848678589
0.7427283525466919
1.2420765161514282
1.2967727184295654
0.08275407552719116
0.6696192026138306
0.824285089969635
0.9913088083267212
-0.21618762612342834
0.7865790128707886
0.5287061929702759
0.720186710357666
1.0590571165084839
0.7588361501693726
0.510306179523468
0.5982311964035034
0.234697163105011
0.2118227779865265
0.3786672055721283
-0.3028719127178192
0.41020408272743225
0.07446292042732239
0.08291569352149963
0.4088039994239807
-0.014911353588104248
0.11573290824890137
0.06089538335800171
-0.01466977596282959
0.27740374207496643
-0.3427916467189789
-1.6306707859039307
-2.774273157119751
-0.8783090114593506
-0.48853299021720886
0.03342384099960327
0.4127979874610901
0.4159296154975891
0.367768257856369
0.5174134373664856
0.6173603534698486
0.31155088543891907
0.8278409242630005
1.0786012411117554
-0.17060181498527527
-2.0571861267089844
-1.1616483926773071
0.7024580240249634
0.49575817584991455
1.0259578227996826
0.8526684045791626
0.1614018976688385
-0.11349353194236755
-1.7962758541107178
-2.5549585819244385
-2.546701431274414
-1.0460444688796997
-0.8728220462799072
-0.25584664940834045
0.21035709977149963
0.10518169403076172
0.128930002450943
0.3527442514896393
0.4032035768032074
-1.1567025184631348
-2.1753318309783936
-1.8269777297973633
-1.8646299839019775
-0.5560489892959595
-1.1285209655761719
-0.4850849211215973
0.08884313702583313
0.40686485171318054
1.0275877714157104
0.18874411284923553
0.2905767560005188
-0.46057942509651184
0.18734118342399597
0.41203567385673523
0.7575161457061768
-0.1641635000705719
0.1415301263332367
0.3623155653476715
0.6811648607254028
1.0194402933120728
0.21375322341918945
-0.0422494113445282
1.1127569675445557
1.2585163116455078
0.5772327184677124
0.6340727806091309
-0.41449716687202454
0.4502875804901123
-0.367291122674942
0.0524807870388031
-0.2537303864955902
-0.2705552875995636
-0.8365863561630249
0.003747284412384033
-0.9307079315185547
-1.4253712892532349
-0.9226274490356445
-0.45120522379875183
-0.4775359332561493
-0.6979186534881592
-0.8564478158950806
-0.6574976444244385
-0.8943765163421631
-0.7990050315856934
0.06306132674217224
0.061210840940475464
-1.4948450326919556
-0.5442639589309692
-0.6844120025634766
0.28888311982154846
0.43356963992118835
0.10237640142440796
0.18211808800697327
0.12018832564353943
0.7468006610870361
0.7472325563430786
0.5685062408447266
0.5088275671005249
0.5184817910194397
0.07370704412460327
-0.48073384165763855
-1.6321191787719727
-2.8189728260040283
-2.2459957599639893
-2.758791208267212
0.15095865726470947
-2.7510313987731934
-1.985016107559204
-0.6117904186248779
-0.6664936542510986
0.17417830228805542
0.3502228856086731
0.30791184306144714
0.45843833684921265
0.6066839694976807
0.5876498818397522
0.41456925868988037
0.35675540566444397
0.03551742434501648
0.7155442237854004
0.49453720450401306
1.3878895044326782
0.32072713971138
-2.0069491863250732
-0.8478963375091553
-1.2261043787002563
-2.765578269958496
-0.6199727058410645
0.4492616653442383
-0.011052608489990234
0.4391207695007324
0.36332863569259644
0.21260446310043335
0.3470997214317322
0.02607002854347229
0.48082950711250305
0.45535480976104736
0.37619054317474365
0.3849591910839081
0.43536630272865295
0.5156480073928833
0.5231170058250427
0.7602149248123169
0.9121642112731934
0.516523003578186
0.5811737179756165
0.4463786482810974
0.5097265839576721
-1.111375093460083
0.3696681559085846
0.3437981605529785
-1.874542236328125
-0.3808579742908478
0.059597671031951904
-0.68865966796875
-0.2667193114757538
1.049025058746338
1.0513088703155518
-0.07874491810798645
0.3499717712402344
0.5697241425514221
0.4487664997577667
0.9259334802627563
0.6234936118125916
0.4265328347682953
0.1312272548675537
0.7733029127120972
1.8351190090179443
0.38802850246429443
0.5806887149810791
0.8790562748908997
0.849191427230835
1.0057742595672607
0.9108003377914429
1.3151077032089233
0.9518462419509888
-0.04366979002952576
-0.5209063291549683
0.11679717898368835
0.5278396010398865
0.6817260384559631
0.6750032901763916
0.13655877113342285
0.738551676273346
0.9762568473815918
0.6590248346328735
0.7829514741897583
0.7735928297042847
0.4664214253425598
0.642823338508606
0.4080873429775238
0.6721585988998413
0.024650484323501587
0.24097628891468048
0.689611554145813
0.5636241436004639
0.2896038889884949
0.0731235146522522
-0.2066057026386261
-0.19735679030418396
0.34878844022750854
0.6514476537704468
0.12996676564216614
0.07264375686645508
0.2791682481765747
-0.6360065937042236
-1.7573943138122559
-1.58213472366333
-0.7745585441589355
-0.14484557509422302
0.4958325922489166
0.12793537974357605
-0.21826443076133728
-0.45351263880729675
-0.12331297993659973
-0.9624042510986328
-2.301701307296753
-0.48627451062202454
0.03620973229408264
0.27828919887542725
-1.1928945779800415
-0.6781010627746582
-1.9372642040252686
-1.0851584672927856
0.4089216887950897
-1.8857698440551758
-2.108245849609375
-2.78381609916687
-2.525942325592041
-1.8735549449920654
-0.23808345198631287
-0.2989669144153595
0.40463829040527344
0.3408346474170685
-1.2006489038467407
-0.75586998462677
-1.4601707458496094
0.05135691165924072
-0.7869446277618408
-0.3546313941478729
-1.3245869874954224
0.4765700101852417
0.42864036560058594
0.49092239141464233
-2.0495352745056152
0.47207340598106384
0.4438422918319702
0.5551133751869202
0.5242739319801331
0.43573257327079773
0.5333918333053589
0.6332387924194336
0.5568697452545166
0.3130132257938385
0.4918472468852997
-0.22901830077171326
0.2591440677642822
-2.4259774684906006
-2.227505922317505
-1.718379020690918
-2.1877453327178955
-2.7936182022094727
-1.483480453491211
-0.04194197058677673
-0.8025271892547607
-0.6852407455444336
-0.7027040719985962
-0.7915244102478027
-2.7640609741210938
-1.6673691272735596
-0.7143983840942383
-0.35321834683418274
-0.17957374453544617
-1.7452270984649658
-1.5278384685516357
-1.5341764688491821
-1.6841161251068115
-2.210034132003784
-1.5619431734085083
-2.730947256088257
-2.453793525695801
-1.4524245262145996
-0.24162903428077698
0.34974974393844604
-0.32321301102638245
-0.2920621931552887
0.37010708451271057
-0.6718432903289795
0.33706313371658325
0.5144575238227844
0.6505709290504456
0.5805826783180237
0.8027950525283813
0.4730237126350403
0.70470130443573
0.5578550696372986
0.6335956454277039
0.5548368692398071
0.40437737107276917
-1.7960615158081055
-0.8702232837677002
-1.1911578178405762
-0.22043821215629578
-0.2823707163333893
-0.924290657043457
-0.9124619960784912
0.3457776606082916
-0.604430079460144
0.520498514175415
1.1952346563339233
-0.6467957496643066
0.3380696773529053
0.7123903036117554
1.1040664911270142
1.3108656406402588
0.9263452291488647
1.1662797927856445
0.7387144565582275
0.7164552211761475
0.4433382749557495
-0.4575541913509369
-1.834974765777588
-0.9647729396820068
0.18743443489074707
0.5130550265312195
-1.7191565036773682
-1.17975914478302
-0.6757395267486572
0.03724473714828491
0.2646912634372711
0.45443660020828247
-1.9165258407592773
-1.9826624393463135
-1.141753911972046
-2.038438558578491
-1.421354055404663
-1.9869818687438965
-2.9126224517822266
-1.17695152759552
-1.3266206979751587
-1.0906260013580322
-0.4159086048603058
0.4293622076511383
0.35757166147232056
0.13066145777702332
0.3952397108078003
0.9934108257293701
-1.395308494567871
-0.61708664894104
-0.3744114935398102
0.04071846604347229
-0.16935262084007263
-2.270735502243042
-2.6714420318603516
-2.233299970626831
-1.5168306827545166
-0.9508870840072632
-0.8698825836181641
-0.38440194725990295
-2.0934205055236816
-1.1118543148040771
-1.0916186571121216
0.07996949553489685
0.19754266738891602
0.3804960548877716
-0.28950729966163635
-0.7929463386535645
-0.8360999822616577
0.0028213560581207275
0.38621875643730164
0.41462695598602295
0.6109646558761597
0.1474021077156067
0.5690821409225464
0.375285267829895
0.3531588613986969
0.3563554883003235
-0.9038563966751099
-2.2383031845092773
-2.2610878944396973
-2.4121315479278564
-2.276340961456299
-1.1474754810333252
-1.191774845123291
-1.7755670547485352
-2.1004719734191895
-1.1736180782318115
-1.8963580131530762
-2.5219974517822266
-1.442770004272461
-2.9167914390563965
-1.5840458869934082
-0.8735818862915039
-1.026134967803955
-1.2744070291519165
-0.4161233603954315
-1.4424065351486206
0.44581153988838196
-0.7896130084991455
0.6922362446784973
0.5932539701461792
0.7379705905914307
1.045261263847351
-0.6212062835693359
-1.1731910705566406
-0.9475314617156982
-0.3004676401615143
0.026693522930145264
0.007912933826446533
-1.1408109664916992
-0.7743233442306519
-1.9736425876617432
-1.392547845840454
-1.4133594036102295
-1.173509955406189
-1.160546898841858
-2.161905527114868
-2.589027166366577
-2.94653058052063
-1.1105067729949951
-1.1981929540634155
-0.9181586503982544
-2.1879513263702393
-1.587953805923462
-2.342658281326294
-1.7599728107452393
-1.612513780593872
-1.881706953048706
-1.622222661972046
-2.298102855682373
-2.0537161827087402
-2.1565027236938477
-0.8288528919219971
-0.2620730698108673
0.07554280757904053
0.31215375661849976
0.13224267959594727
0.36343759298324585
0.4164963364601135
0.33001023530960083
-0.22956618666648865
-1.183753490447998
-2.8893935680389404
-1.7919487953186035
-1.1386488676071167
-1.6660327911376953
-1.1554129123687744
-1.0068601369857788
-0.9420813322067261
-0.5647586584091187
-1.5458358526229858
-1.340407133102417
-2.613384485244751
-2.829195261001587
-2.8015010356903076
-2.1967554092407227
-0.9829261302947998
-0.681598424911499
0.4376826286315918
0.1269475221633911
0.46863770484924316
0.5453488826751709
-1.0563466548919678
0.12594202160835266
0.28693878650665283
0.26548415422439575
0.4982127547264099
0.4328805208206177
0.35573768615722656
0.2728446125984192
0.4312225580215454
-0.008088290691375732
0.3024725615978241
0.38059014081954956
0.3562818765640259
-0.8198437690734863
-0.016430974006652832
0.6309884190559387
0.5663301944732666
0.4885769486427307
0.5775628089904785
0.3798712193965912
0.4249826967716217
-0.7216231822967529
-0.24074116349220276
0.3156347870826721
-0.0602705180644989
0.3680119216442108
0.30980074405670166
0.33103108406066895
-0.703481912612915
-2.138428211212158
-0.16586926579475403
-0.02736416459083557
0.4427075982093811
0.3141390383243561
0.10743030905723572
-0.3804323971271515
-0.1665007770061493
-0.71555495262146
-0.19574591517448425
-0.6674926280975342
0.2432599663734436
0.3915688395500183
0.5181012153625488
0.3775599002838135
0.43943673372268677
0.6558719277381897
0.5707376003265381
0.20924150943756104
0.45321905612945557
0.48026546835899353
0.34375131130218506
0.575817346572876
0.14951780438423157
-0.288331538438797
0.10701560974121094
0.3121010959148407
0.16461938619613647
0.01536056399345398
0.11814180016517639
0.19883441925048828
0.15384376049041748
0.045394569635391235
0.17589396238327026
0.1250932514667511
-0.7784879207611084
-0.6308889389038086
-0.9487179517745972
0.4020673632621765
0.33734655380249023
0.3455008864402771
-0.024539411067962646
0.3285169303417206
0.34551936388015747
-0.6860630512237549
-0.6911561489105225
-0.44984474778175354
-1.1496491432189941
0.336662232875824
0.6393455266952515
0.43356963992118835
0.37463629245758057
-0.8507270812988281
-1.6198549270629883
-0.7436487674713135
-0.3278879225254059
0.12889888882637024
0.2313479334115982
0.43387219309806824
-1.0250650644302368
-2.1426212787628174
-1.3477041721343994
-0.7044494152069092
-0.06979557871818542
0.2213631570339203
0.4318925142288208
0.09357020258903503
-0.6874974966049194
-0.39938417077064514
0.10490545630455017
0.36077427864074707
0.12562403082847595
0.10486334562301636
-1.1126885414123535
-0.04238170385360718
0.39375317096710205
0.07076370716094971
0.1960175633430481
-0.09286066889762878
0.034764766693115234
0.33923643827438354
-2.62164568901062
-2.5089712142944336
-1.6716296672821045
-0.545153021812439
-0.6998565196990967
-0.7711939811706543
0.3292044997215271
0.24413487315177917
0.5309730768203735
0.20720726251602173
0.11979615688323975
-0.39353248476982117
0.072273850440979
-0.9562642574310303
-2.480252504348755
-1.972379446029663
-1.1682825088500977
-1.1138533353805542
-1.7448015213012695
-2.4778802394866943
-1.972379446029663
-2.2272937297821045
-2.4419710636138916
-0.7909396886825562
-0.577256441116333
0.08378860354423523
0.10174649953842163
0.49809330701828003
0.39690396189689636
0.435838520526886
-0.9103955030441284
-0.8756674528121948
-0.19160208106040955
-0.015978991985321045
-0.6931213140487671
-2.4701650142669678
-1.1811224222183228
-0.21758326888084412
0.3346519470214844
0.577532947063446
0.31706833839416504
0.43950068950653076
0.539649248123169
0.6694362759590149
0.9072275161743164
0.6575762033462524
0.3554017245769501
0.7031644582748413
0.36870962381362915
0.7314751744270325
0.13225075602531433
0.4753982722759247
0.49375325441360474
0.3399170935153961
0.49330443143844604
0.43653708696365356
0.4566577970981598
0.6660200953483582
0.3665285110473633
0.362609326839447
0.5066686868667603
0.23066118359565735
0.3510126769542694
0.0862949788570404
0.08619654178619385
0.3840975761413574
0.5743945240974426
0.42959070205688477
0.3971330225467682
-0.17810305953025818
-0.05933880805969238
-0.9105468988418579
-2.1971828937530518
-2.23807430267334
-1.1774630546569824
-1.1508337259292603
-2.734668493270874
-2.5367655754089355
-0.6277744770050049
-0.241684228181839
-0.22995689511299133
0.2563256621360779
0.12309089303016663
-0.25002941489219666
0.44542941451072693
-0.2207946479320526
-0.85578453540802
-0.6766948699951172
0.041193217039108276
0.049840718507766724
0.014775246381759644
-0.24233588576316833
0.08914682269096375
0.2525361180305481
-1.1454201936721802
-2.249021053314209
-1.1452852487564087
0.1865137666463852
0.2892218828201294
0.14183849096298218
0.15610849857330322
0.43526947498321533
-0.5693833827972412
-1.5521836280822754
-1.0308568477630615
-0.15942242741584778
-1.2741074562072754
-0.8790806531906128
0.10632878541946411
-0.8693495988845825
0.4363197684288025
0.14008870720863342
0.08585917949676514
0.4234936833381653
0.45628809928894043
0.44362640380859375
0.3375943601131439
0.5447118282318115
-0.1336265504360199
0.42343053221702576
-0.6282000541687012
0.42172372341156006
0.3881848156452179
-1.478283166885376
-2.6751441955566406
-2.493069887161255
-1.3430848121643066
-1.8310866355895996
-1.066899061203003
-0.8929154872894287
0.33422067761421204
-0.669370174407959
0.20115149021148682
-1.4123048782348633
0.36116108298301697
-0.1402336061000824
0.22946003079414368
-1.1989681720733643
-0.27178195118904114
-0.7260022163391113
-1.0919604301452637
-2.409865140914917
-0.9297255277633667
-0.8771387338638306
-0.43823644518852234
-0.996787428855896
-2.4367642402648926
-2.5041286945343018
-1.2547352313995361
-0.7632354497909546
-0.9442201852798462
-0.12589845061302185
0.09847664833068848
-0.4649069607257843
-0.18952003121376038
0.3140755891799927
0.3632560074329376
0.5306777358055115
-1.6904702186584473
-0.08582106232643127
0.4670506715774536
0.2808164954185486
0.5846604108810425
-0.20710709691047668
-0.6501471996307373
-1.2119508981704712
-1.3549774885177612
-1.160526990890503
-0.26359906792640686
-0.7258222103118896
-0.6956250667572021
-0.06137430667877197
-0.5127370357513428
-0.08428075909614563
0.7994550466537476
0.43964463472366333
0.8868789672851562
0.5972824692726135
0.714097261428833
0.5586119890213013
0.15539810061454773
-0.17640861868858337
0.08610615134239197
-1.0806419849395752
0.045693010091781616
-0.31819334626197815
0.03753715753555298
0.3800327777862549
-0.22613003849983215
-1.999511480331421
-1.8273451328277588
-0.5113236904144287
-2.031304359436035
-1.3356882333755493
-1.1914092302322388
-1.610964298248291
-1.492732286453247
-0.7401280403137207
-0.35611334443092346
-0.41274115443229675
-1.1300839185714722
-1.6442039012908936
-0.7948877811431885
-2.5567104816436768
-2.6770968437194824
-1.641129732131958
-0.8446391820907593
0.3946158289909363
-0.3242351710796356
0.2591979205608368
0.43845367431640625
0.47975701093673706
0.617412805557251
-0.9303560256958008
-1.599250316619873
-1.006797432899475
0.44355928897857666
0.378426730632782
0.42202550172805786
-1.086200475692749
-0.6711242198944092
-0.2869682013988495
0.014671027660369873
0.36826199293136597
0.24517251551151276
0.3336527943611145
0.3924506902694702
0.3489495515823364
0.22042366862297058
-0.0596252977848053
0.08317741751670837
-0.46752527356147766
0.23263874650001526
0.41685956716537476
0.5558419823646545
0.3630490005016327
0.6034830212593079
0.6374539136886597
0.9229807257652283
1.105741262435913
0.9909384250640869
0.5843237638473511
-0.7048320770263672
0.6125017404556274
0.3218211531639099
0.669522762298584
0.485757440328598
0.2840290665626526
0.4372541010379791
0.4731976389884949
-0.02190735936164856
-0.2685202658176422
-1.4914052486419678
-2.580296754837036
-2.1452724933624268
-1.5076929330825806
-0.6368623971939087
0.03837543725967407
0.5885312557220459
0.5146729350090027
-2.67063307762146
-2.781749725341797
-1.3198822736740112
-2.138533353805542
-1.9725043773651123
-1.161832332611084
0.3859151601791382
0.3749837279319763
0.011283695697784424
0.1637093424797058
-0.7646164894104004
-0.2617029845714569
0.42693862318992615
0.2835637629032135
0.34282737970352173
0.3278997540473938
0.7094679474830627
0.23143769800662994
0.00943329930305481
0.3531612157821655
-1.1357438564300537
-0.6448209285736084
0.21872437000274658
-0.9288860559463501
-1.982290506362915
0.44171255826950073
0.5010495781898499
0.43768325448036194
-1.0952764749526978
-1.6917071342468262
0.16376656293869019
0.5894138813018799
-1.1740199327468872
-1.5159624814987183
0.1816217601299286
0.49708688259124756
0.7220735549926758
0.5026415586471558
0.28929513692855835
0.49985644221305847
0.5942384004592896
-0.14174655079841614
-1.5341496467590332
-0.6557385921478271
0.1725616753101349
0.350004106760025
0.46147090196609497
-0.4068353474140167
-1.0681326389312744
0.13160014152526855
0.5656164884567261
0.4213601350784302
0.2540338337421417
0.6343669891357422
0.9955798387527466
-0.4455924332141876
0.5807309150695801
-0.8850598335266113
0.463617742061615
-0.7007513046264648
0.6211043000221252
0.7149431109428406
-0.6416256427764893
0.3444816470146179
0.44443759322166443
0.18989253044128418
0.4972226321697235
-0.7295932769775391
0.7389386296272278
0.7515031099319458
-0.2660095989704132
-0.9078401327133179
-1.134292721748352
-1.1782845258712769
-0.8035351037979126
-0.754425048828125
-0.49961623549461365
0.023978114128112793
0.017072588205337524
-0.21416398882865906
-0.11850735545158386
-0.693213701248169
0.3231564164161682
0.25918102264404297
-0.6854391098022461
0.1960999220609665
-0.7427620887756348
0.4098425507545471
0.3835618495941162
0.2681783139705658
-0.34919998049736023
-0.031273454427719116
0.4955645203590393
0.034961313009262085
0.24186061322689056
-0.7143305540084839
-0.9905409812927246
-0.17019245028495789
0.01220056414604187
0.326575368642807
0.7182073593139648
0.6421958208084106
0.516352653503418
0.5223024487495422
0.7756005525588989
1.350024700164795
0.7566061615943909
1.0217063426971436
-1.1109049320220947
0.08157014846801758
-1.1892368793487549
-0.6062301397323608
0.406104177236557
0.724621593952179
0.0790221095085144
-0.581730842590332
-1.7748854160308838
-0.690753698348999
0.11290222406387329
0.019547224044799805
-0.02429977059364319
0.2058468610048294
0.028377771377563477
-0.2181784212589264
0.008922338485717773
0.03173953294754028
-0.20536360144615173
0.441844642162323
-0.06079453229904175
1.1740412712097168
0.8649137616157532
0.8505740165710449
1.0757609605789185
-0.29526618123054504
-0.32842978835105896
-0.8681483268737793
0.1076359748840332
-0.6917886734008789
0.18093574047088623
0.5570923089981079
1.0652575492858887
1.2751458883285522
1.1764620542526245
1.1508628129959106
0.6578556299209595
1.3371152877807617
1.1694114208221436
0.762545108795166
0.8300849199295044
0.5148293375968933
0.1889047622680664
0.5093640685081482
0.6751145124435425
-0.5592005252838135
0.10318097472190857
0.20537321269512177
-0.3277604877948761
-0.04999822378158569
-0.24776539206504822
-0.10524359345436096
-0.009786158800125122
-0.9826996326446533
0.21088993549346924
0.3585337996482849
0.3827431797981262
0.0025127530097961426
0.16158267855644226
0.18624934554100037
-0.004677563905715942
-0.21260836720466614
-2.0213725566864014
-1.2561091184616089
-0.8776683807373047
-0.2926494777202606
-0.06591898202896118
0.06711196899414062
-0.4319622814655304
-0.24708768725395203
0.044634878635406494
0.1300378441810608
0.19044645130634308
0.32706496119499207
0.26291632652282715
0.05776876211166382
0.23173457384109497
-0.1497766673564911
0.37199798226356506
-0.26450827717781067
0.5299186110496521
0.633028507232666
0.4411422908306122
0.5745584964752197
0.6280723810195923
0.1697191596031189
0.6227185726165771
0.5191804766654968
0.6110197901725769
0.7306699752807617
0.46625372767448425
0.26513007283210754
0.531224250793457
0.5280909538269043
-0.5144631862640381
-0.6613442897796631
0.3285885155200958
0.015680164098739624
0.3853640854358673
0.3209272027015686
-1.1270688772201538
-1.595461368560791
-2.389481782913208
-2.5311052799224854
-2.4207088947296143
-2.6443753242492676
-1.7977819442749023
-1.0301001071929932
0.08632102608680725
0.03356519341468811
0.400280624628067
0.33546143770217896
0.43891292810440063
0.5364094972610474
0.6997185349464417
0.6340240240097046
0.21546319127082825
0.3583686947822571
0.06818804144859314
0.43528279662132263
-0.895216703414917
-0.5154979228973389
0.39481180906295776
0.3777032792568207
0.39545345306396484
-0.5340341329574585
0.15867450833320618
0.0966133177280426
0.4283161759376526
0.5747448801994324
0.5884945392608643
0.6204111576080322
0.5836445093154907
0.3681458532810211
0.5920720100402832
0.5470468997955322
-0.21802392601966858
0.39472758769989014
-0.9690842628479004
0.10277664661407471
-0.7873467206954956
-1.6414318084716797
-1.2134156227111816
-0.7238259315490723
-0.45677420496940613
-1.8110334873199463
-1.4668960571289062
-1.0175751447677612
-2.038975954055786
-2.392756700515747
-2.0756900310516357
-2.049097776412964
-1.2716294527053833
-1.4625189304351807
-2.260335683822632
-2.254683256149292
-2.471369743347168
-2.802593946456909
-2.4696943759918213
-0.9734301567077637
-1.107830286026001
-1.8395328521728516
-1.325569987297058
-2.3095529079437256
-2.5969109535217285
-1.9005467891693115
-2.7062251567840576
-1.972557783126831
-1.1400872468948364
0.6554368138313293
-0.8421461582183838
-0.7274158000946045
0.13127216696739197
-1.5433186292648315
-1.6681861877441406
-1.133392333984375
-1.0996077060699463
-1.1744728088378906
-0.9466606378555298
0.04511791467666626
0.08721679449081421
-0.03605875372886658
0.11734452843666077
0.5489853024482727
0.5986858606338501
-0.21179643273353577
0.006333768367767334
-0.49428078532218933
-0.6673170328140259
-0.24882641434669495
0.18909168243408203
-2.2223141193389893
-2.435373067855835
-1.49386465549469
-0.06553930044174194
-0.2642006576061249
-0.30791690945625305
-0.28074440360069275
0.2252221703529358
0.37833309173583984
0.41104045510292053
0.441563218832016
-1.1136677265167236
-1.9794864654541016
-0.6454532146453857
-0.276052325963974
-1.175389289855957
-0.8764665126800537
-1.4729989767074585
-2.464601993560791
-2.0859551429748535
-1.520026445388794
-1.5756793022155762
-1.1898212432861328
-0.7916114330291748
-0.8432612419128418
-0.9102950096130371
0.25971680879592896
-1.1106722354888916
-1.0531244277954102
-1.4751713275909424
-0.7433803081512451
-1.1711342334747314
-0.28825774788856506
-0.4693167507648468
-1.1012868881225586
0.06483510136604309
-1.2139647006988525
-0.7967879772186279
0.31864067912101746
-1.1107465028762817
-0.6993319988250732
-0.656519889831543
-0.21889248490333557
-0.23035064339637756
-1.9258358478546143
-0.8053081035614014
-0.7364382743835449
-0.6017317771911621
-0.6899420022964478
-1.2131123542785645
-2.078218698501587
-2.3484299182891846
-2.5363595485687256
-1.1188418865203857
0.22907938063144684
0.44807738065719604
0.8429347276687622
0.20685319602489471
-0.9917352199554443
-2.694246530532837
-2.7804794311523438
-2.9744269847869873
-2.341621160507202
-1.6334717273712158
-2.0135602951049805
-2.085869550704956
-1.1150799989700317
-2.066283941268921
-1.5813090801239014
-1.2468607425689697
-1.4560545682907104
-0.8509544134140015
0.32061606645584106
-0.32893869280815125
-0.6788643598556519
-0.3596784174442291
-2.310535430908203
-1.3172416687011719
-1.539143681526184
-1.2072818279266357
-2.422787666320801
-2.773550271987915
-2.501156806945801
-2.866694211959839
-2.448918104171753
-2.638062000274658
-2.4570553302764893
-2.252974271774292
-1.8589739799499512
-1.598797082901001
-1.6066923141479492
-0.5391181707382202
-1.1248654127120972
0.14088717103004456
-1.3001362085342407
-1.5279098749160767
-2.177480936050415
-2.3734354972839355
-1.1621968746185303
-1.6240012645721436
-2.271177053451538
-1.855921983718872
-2.2084693908691406
-2.748206377029419
-2.697026491165161
-2.219090223312378
-1.1835390329360962
-2.4866771697998047
-2.497594118118286
-2.29130482673645
-1.5655875205993652
-2.031428813934326
-1.1295244693756104
-1.7819063663482666
-2.433898687362671
-1.1248457431793213
-1.5699338912963867
-0.8593826293945312
-0.23735389113426208
-0.7191603183746338
-0.22934141755104065
0.15712442994117737
-0.24131420254707336
0.14574512839317322
0.6489339470863342
0.6172974109649658
1.3599371910095215
1.4414671659469604
1.2585511207580566
0.779543399810791
0.7612978219985962
-0.5826845169067383
0.5892375111579895
-0.3003911077976227
0.6995511054992676
0.2308073490858078
-0.1815197765827179
0.3826283812522888
0.8866136074066162
0.6261943578720093
0.05522555112838745
-0.18236860632896423
-0.7452142238616943
-0.8584057092666626
0.32870417833328247
-0.4434784948825836
0.3255922496318817
0.07307356595993042
0.09120839834213257
0.6448875069618225
1.0180343389511108
0.6082592010498047
0.8545641899108887
0.6749610900878906
0.49916213750839233
0.49878907203674316
1.0056953430175781
0.896628737449646
0.8045236468315125
-0.47600117325782776
-2.375061273574829
-2.014068841934204
-1.637810230255127
-2.0767910480499268
-0.737352728843689
0.3587961494922638
0.3382836580276489
0.5882490277290344
0.5487528443336487
0.10351738333702087
1.245593786239624
0.8359541893005371
0.5101519823074341
1.0545190572738647
0.6448217630386353
0.7126142978668213
0.8091659545898438
1.1865283250808716
1.032672643661499
0.3268046975135803
0.9360073804855347
-0.9632627964019775
0.07789230346679688
0.4610697627067566
0.9685376882553101
0.49083390831947327
0.3896952271461487
0.22479569911956787
0.2673978805541992
0.2291536182165146
0.5204066038131714
0.6120066046714783
1.015990972518921
0.9639993906021118
-0.28320690989494324
0.5802402496337891
-1.7217941284179688
-0.6897447109222412
0.5627368688583374
0.8256334066390991
0.4357626140117645
1.3251380920410156
0.9474203586578369
0.11317938566207886
0.5953013300895691
1.0798544883728027
1.2071874141693115
0.6086053252220154
0.2136470079421997
-1.198810338973999
-2.69767165184021
-2.7137293815612793
-0.8454902172088623
0.6147075295448303
0.5555441379547119
-1.1803888082504272
-2.6864874362945557
-2.7959678173065186
-1.6075644493103027
-1.2452490329742432
-2.4053401947021484
0.5221453309059143
-2.278735399246216
-0.697460412979126
-1.999065637588501
-0.5995335578918457
0.13183709979057312
0.02648872137069702
0.051689714193344116
0.4287985563278198
-1.1661640405654907
0.44785720109939575
0.7464284896850586
0.798772931098938
0.9915539026260376
1.2079988718032837
1.3745306730270386
1.35596764087677
0.24333417415618896
0.18380069732666016
0.7233276963233948
-1.1892375946044922
-2.736705780029297
-2.864837884902954
-3.0344886779785156
-2.14963960647583
-1.3065345287322998
0.8136740922927856
0.9736932516098022
0.8395066261291504
0.7934858798980713
0.639955997467041
0.6097716093063354
0.5740859508514404
0.5758324861526489
1.1273350715637207
0.35300394892692566
0.09495800733566284
-1.8705835342407227
-2.538713216781616
-2.4965970516204834
-2.2964601516723633
-2.1365511417388916
-2.219341516494751
-2.2021644115448
-2.5044138431549072
-1.0568840503692627
-0.8042356967926025
0.4669616222381592
1.0205285549163818
0.9595087766647339
0.9544917345046997
0.5934993028640747
1.2439754009246826
0.448186993598938
0.5167331695556641
0.8965010643005371
0.5019434094429016
0.353315532207489
1.2751466035842896
0.12712323665618896
0.4531562924385071
1.0923302173614502
1.1982223987579346
1.422295093536377
1.9775917530059814
1.469803810119629
1.5876823663711548
1.5230357646942139
1.6766761541366577
1.704324722290039
1.6035839319229126
1.4961775541305542
1.8342159986495972
1.7305165529251099
1.4073011875152588
1.9325635433197021
1.8777291774749756
1.351367712020874
1.7889856100082397
2.3035728931427
2.102734088897705
1.353355884552002
1.778913974761963
1.7630712985992432
1.63987398147583
1.799795150756836
1.396490454673767
1.408837914466858
1.649026870727539
1.848873257637024
1.3891733884811401
2.0815157890319824
1.7695144414901733
1.163402795791626
0.5627313256263733
-0.9663490056991577
-2.75601863861084
-1.830077886581421
-2.6947295665740967
-1.312597393989563
0.7933657169342041
0.9520246982574463
0.38400691747665405
0.9434469938278198
0.5793392062187195
1.0583792924880981
0.8040249943733215
0.5813464522361755
0.2311406135559082
-0.23444059491157532
0.011268585920333862
0.5073611736297607
0.16392067074775696
-0.6391174793243408
0.3285425305366516
0.5424078702926636
0.8013119697570801
0.5186638832092285
0.5578243732452393
0.5785639882087708
1.0849376916885376
1.2701042890548706
1.4305447340011597
1.2900621891021729
0.646824061870575
1.187473177909851
1.519261121749878
1.4753602743148804
1.2209798097610474
0.6149369478225708
0.9165050387382507
1.140031337738037
1.139028787612915
1.211951494216919
1.4738539457321167
1.2880842685699463
1.4374134540557861
1.502579927444458
1.6814767122268677
0.874016523361206
0.7570662498474121
1.2070109844207764
-1.972379446029663
-2.3345720767974854
-1.686211109161377
0.47155338525772095
-1.6032969951629639
0.20497596263885498
0.47169801592826843
0.17178288102149963
1.2256205081939697
0.8960011005401611
1.366218090057373
1.473535180091858
1.531360149383545
0.9763044118881226
1.0562204122543335
0.5412813425064087
-0.5197240114212036
-1.9064571857452393
-2.7443289756774902
-2.507232427597046
0.2058158814907074
-2.755075693130493
-2.2860867977142334
-2.2532472610473633
-1.4921469688415527
-2.39719557762146
-2.9280905723571777
-1.7765393257141113
-1.972379446029663
-1.1642770767211914
0.0020734071731567383
0.6737645268440247
0.1629105508327484
-0.22794011235237122
0.1748252809047699
0.26948338747024536
0.5334585905075073
0.8303220868110657
1.2576067447662354
1.183773159980774
1.323744535446167
1.1231918334960938
1.3244942426681519
0.22416093945503235
0.46842965483665466
0.13984349370002747
0.553963303565979
0.596278965473175
0.27328062057495117
0.5940759181976318
1.106009602546692
1.2730785608291626
0.43793436884880066
1.2578506469726562
0.9041759967803955
0.9250921010971069
0.4154454171657562
0.36459881067276
0.389892578125
0.4774532616138458
0.025773853063583374
-2.423041582107544
-1.1847968101501465
-1.5935542583465576
-2.5764265060424805
-2.0071675777435303
-0.8385680913925171
0.17056652903556824
-2.7660977840423584
-1.4702954292297363
-1.7926928997039795
-2.636303186416626
-1.1788270473480225
-0.2786920964717865
-1.1941548585891724
-0.4090823233127594
-1.4231306314468384
-1.115978479385376
-0.6073729991912842
-0.19160142540931702
-2.2660484313964844
-2.601712226867676
-2.2730746269226074
-1.5797374248504639
-1.4715951681137085
-2.8359930515289307
-1.3533612489700317
-2.097365379333496
-2.070037841796875
-0.8214024305343628
1.1640326976776123
1.0271586179733276
1.6051177978515625
1.2218055725097656
1.1029077768325806
-0.7985608577728271
-2.0970869064331055
-0.8018242120742798
0.023014724254608154
0.9357885122299194
1.0436935424804688
-1.9132299423217773
0.4621482193470001
0.19140131771564484
0.633674144744873
1.1538835763931274
1.1446772813796997
1.335347294807434
1.3382724523544312
1.0181076526641846
1.344067096710205
1.0006904602050781
1.1047265529632568
0.8587005734443665
0.8320468664169312
-1.2001979351043701
-0.7839823961257935
0.6270393133163452
1.2031724452972412
0.7682002782821655
0.3684356212615967
-2.8444836139678955
-1.5302776098251343
-1.0639617443084717
-1.1354775428771973
0.9956115484237671
0.9941747188568115
0.6827187538146973
-0.2570364773273468
-0.2494310438632965
0.26402416825294495
-0.8768481016159058
-1.1219189167022705
0.9592282772064209
0.5614882707595825
0.369318425655365
0.8291724920272827
1.006715178489685
0.6583592891693115
0.33627140522003174
-0.6414833068847656
-0.8630030155181885
-1.231559157371521
-2.0593628883361816
-2.6935698986053467
-1.7208645343780518
-1.911816120147705
-1.000134825706482
0.43356963992118835
1.313538670539856
0.9387143850326538
0.9569845199584961
0.633158802986145
0.2981107234954834
0.5881326198577881
0.4752124845981598
0.8978155255317688
-0.8349664211273193
-0.08278414607048035
-0.2506254017353058
0.31073617935180664
-2.1015162467956543
-0.20116159319877625
-1.485356330871582
-0.1824895441532135
0.6895126104354858
1.4476966857910156
1.4252021312713623
0.989544153213501
-1.4581522941589355
0.1950593739748001
0.5044023394584656
0.6052521467208862
-2.601957082748413
-0.24673566222190857
0.3559955954551697
-0.7323302030563354
0.48242247104644775
0.7737210988998413
-2.566840410232544
-2.0941920280456543
-2.9515044689178467
-2.2040069103240967
0.903701663017273
-1.6390409469604492
-1.7770113945007324
-0.23729518055915833
-0.25353458523750305
0.9074693918228149
-0.2773596942424774
-0.6619162559509277
0.43632206320762634
0.15800741314888
0.29866066575050354
0.09317481517791748
0.2400265634059906
0.44500431418418884
-0.6912600994110107
-0.190530925989151
-0.4756257236003876
-1.9760785102844238
-0.2590201199054718
-0.300979882478714
0.3314962685108185
0.27140283584594727
-0.8580843210220337
-0.8214259147644043
0.10272634029388428
0.440141499042511
0.6151406764984131
0.8530079126358032
0.38028672337532043
0.7129694819450378
0.19757923483848572
-0.34066322445869446
-0.08439156413078308
0.07060539722442627
-0.08561936020851135
0.12715989351272583
0.2709806561470032
0.025014042854309082
-0.6977399587631226
-1.4546821117401123
-1.032711148262024
-2.7390599250793457
-2.779494047164917
-2.7445309162139893
-2.7483184337615967
